
Step #1:
3 :  3  1  4
6 :  3  1  4  1  5  9
4 :  4  1  5  9
2 :  5  9
0 :

Step #2:
int main()
{
   Queue q;
   for(int i = 0; i < 100; i++)
   {
      q.Insert(rand() % 10);
   }
   q.Print();

   int num;
   for(int j = 0; j < 100; j++)
   {
      q.Remove(num);
   }
   q.Print();
}
#endif

Step #3:
Line 0 1 :  2
Line 1 0 :
Line 2 0 :
Line 3 0 :

Line 0 4 :  2  2  2  2
Line 1 2 :  1  1
Line 2 0 :
Line 3 0 :

Line 0 4 :  2  2  2  2
Line 1 4 :  1  1  1  1
Line 2 3 :  1  1  1
Line 3 0 :

Line 0 4 :  2  2  2  2
Line 1 4 :  1  1  1  1
Line 2 4 :  1  1  1  1
Line 3 4 :  3  3  3  3

Line 0 5 :  2  2  2  2  2
Line 1 4 :  1  1  1  1
Line 2 4 :  1  1  1  1
Line 3 4 :  3  3  3  3

Line 0 8 :  2  2  2  2  2  2  2  2
Line 1 6 :  1  1  1  1  3  3
Line 2 4 :  1  1  1  1
Line 3 4 :  3  3  3  3

Line 0 8 :  2  2  2  2  2  2  2  2
Line 1 8 :  1  1  1  1  3  3  3  3
Line 2 7 :  1  1  1  1  5  5  5
Line 3 4 :  3  3  3  3

Line 0 8 :  2  2  2  2  2  2  2  2
Line 1 8 :  1  1  1  1  3  3  3  3
Line 2 8 :  1  1  1  1  5  5  5  5
Line 3 8 :  3  3  3  3  2  2  2  2

Line 0 9 :  2  2  2  2  2  2  2  2  2
Line 1 8 :  1  1  1  1  3  3  3  3
Line 2 8 :  1  1  1  1  5  5  5  5
Line 3 8 :  3  3  3  3  2  2  2  2

Line 0 12 :  2  2  2  2  2  2  2  2  2  2  2  2
Line 1 10 :  1  1  1  1  3  3  3  3  2  2
Line 2 8 :  1  1  1  1  5  5  5  5
Line 3 8 :  3  3  3  3  2  2  2  2

Line 0 12 :  2  2  2  2  2  2  2  2  2  2  2  2
Line 1 12 :  1  1  1  1  3  3  3  3  2  2  2  2
Line 2 11 :  1  1  1  1  5  5  5  5  4  4  4
Line 3 8 :  3  3  3  3  2  2  2  2

Line 0 12 :  2  2  2  2  2  2  2  2  2  2  2  2
Line 1 12 :  1  1  1  1  3  3  3  3  2  2  2  2
Line 2 12 :  1  1  1  1  5  5  5  5  4  4  4  4
Line 3 12 :  3  3  3  3  2  2  2  2  5  5  5  5

Line 0 13 :  2  2  2  2  2  2  2  2  2  2  2  2  1
Line 1 12 :  1  1  1  1  3  3  3  3  2  2  2  2
Line 2 12 :  1  1  1  1  5  5  5  5  4  4  4  4
Line 3 12 :  3  3  3  3  2  2  2  2  5  5  5  5

Line 0 16 :  2  2  2  2  2  2  2  2  2  2  2  2  1  1  1  1
Line 1 14 :  1  1  1  1  3  3  3  3  2  2  2  2  4  4
Line 2 12 :  1  1  1  1  5  5  5  5  4  4  4  4
Line 3 12 :  3  3  3  3  2  2  2  2  5  5  5  5

Line 0 16 :  2  2  2  2  2  2  2  2  2  2  2  2  1  1  1  1
Line 1 16 :  1  1  1  1  3  3  3  3  2  2  2  2  4  4  4  4
Line 2 15 :  1  1  1  1  5  5  5  5  4  4  4  4  1  1  1
Line 3 12 :  3  3  3  3  2  2  2  2  5  5  5  5

Line 0 16 :  2  2  2  2  2  2  2  2  2  2  2  2  1  1  1  1
Line 1 16 :  1  1  1  1  3  3  3  3  2  2  2  2  4  4  4  4
Line 2 16 :  1  1  1  1  5  5  5  5  4  4  4  4  1  1  1  1
Line 3 16 :  3  3  3  3  2  2  2  2  5  5  5  5  3  3  3  3

Line 0 17 :  2  2  2  2  2  2  2  2  2  2  2  2  1  1  1  1  4
Line 1 16 :  1  1  1  1  3  3  3  3  2  2  2  2  4  4  4  4
Line 2 16 :  1  1  1  1  5  5  5  5  4  4  4  4  1  1  1  1
Line 3 16 :  3  3  3  3  2  2  2  2  5  5  5  5  3  3  3  3

Line 0 20 :  2  2  2  2  2  2  2  2  2  2  2  2  1  1  1  1  4  4  4  4
Line 1 18 :  1  1  1  1  3  3  3  3  2  2  2  2  4  4  4  4  3  3
Line 2 16 :  1  1  1  1  5  5  5  5  4  4  4  4  1  1  1  1
Line 3 16 :  3  3  3  3  2  2  2  2  5  5  5  5  3  3  3  3

Line 0 20 :  2  2  2  2  2  2  2  2  2  2  2  2  1  1  1  1  4  4  4  4
Line 1 20 :  1  1  1  1  3  3  3  3  2  2  2  2  4  4  4  4  3  3  3  3
Line 2 19 :  1  1  1  1  5  5  5  5  4  4  4  4  1  1  1  1  2  2  2
Line 3 16 :  3  3  3  3  2  2  2  2  5  5  5  5  3  3  3  3

Line 0 20 :  2  2  2  2  2  2  2  2  2  2  2  2  1  1  1  1  4  4  4  4
Line 1 20 :  1  1  1  1  3  3  3  3  2  2  2  2  4  4  4  4  3  3  3  3
Line 2 20 :  1  1  1  1  5  5  5  5  4  4  4  4  1  1  1  1  2  2  2  2
Line 3 20 :  3  3  3  3  2  2  2  2  5  5  5  5  3  3  3  3  3  3  3  3

Line 0 21 :  2  2  2  2  2  2  2  2  2  2  2  2  1  1  1  1  4  4  4  4  0
Line 1 20 :  1  1  1  1  3  3  3  3  2  2  2  2  4  4  4  4  3  3  3  3
Line 2 20 :  1  1  1  1  5  5  5  5  4  4  4  4  1  1  1  1  2  2  2  2
Line 3 20 :  3  3  3  3  2  2  2  2  5  5  5  5  3  3  3  3  3  3  3  3

Step #4:
To be added...

Step #5:
To be added...
